
2.93472 5.49399 3.22112
3.32257 4.21161 5.39049
3.41463 -1.00166 1.92316
-1.78333 4.74212 3.85667
-1.90034 4.49435 1.83115
-1.26234 -1.02241 1.67832
0.326511 5.19452 0.68884
4.99864 2.0091 3.10393
-1.72178 4.75881 2.0096
3.64653 4.92223 2.32438
2.41724 1.53232 6.71116
1.43095 5.91395 3.70377
4.638 3.07618 1.73241
-0.102337 -0.473283 0.0558997
1.42324 2.31881 6.96475
0.0333249 -0.49241 0.024528
1.68488 5.94058 3.05286
-1.54057 3.85109 5.47365
3.15376 0.698255 6.10914
1.3619 4.11342 6.37676
4.98853 2.30276 2.99988
4.38815 1.17773 4.96068
1.79397 -1.79849 3.97009
1.47648 5.63754 1.40587
-2.8941 1.63721 3.83928
0.00828855 0.259099 -0.462048
-1.42564 0.0553032 0.483175
-1.52736 3.69541 5.59577
4.22071 4.37213 3.00083
-1.43543 4.80622 4.48116
-1.18773 4.31961 5.41521
0.646273 3.37998 -0.737718
-2.23587 0.585545 1.12158
-1.73147 -0.914375 2.78666
1.67953 -1.94058 2.89971
0.862593 2.74365 -0.927863
-1.62712 1.22367 0.0852894
4.24568 1.37533 5.25286
0.0189731 5.81854 2.32448
-1.60341 3.93924 0.662991
-0.892571 -1.39044 2.03921
3.73844 -0.541396 4.42907
1.318 5.40672 5.072
4.99814 1.96202 2.88409
4.20743 4.12151 1.89928
1.40975 -1.96286 3.35759
4.86146 0.964522 3.13003
-0.908575 4.61952 0.655763
3.5266 4.98626 3.83579
0.704872 2.21865 6.9831
1.52034 -1.28059 5.22866
3.68396 -0.313327 4.85603
-1.82711 -0.697551 3.85479
3.87875 4.69174 3.68359
-0.027465 5.40679 1.17296
-1.10273 4.56228 5.23903
4.35192 3.74277 4.3143
-1.18662 0.494223 0.00812586
2.27306 2.13433 6.78963
0.359918 1.6385 6.93187
-0.426343 5.66041 3.75296
-1.2213 5.03957 4.3516
4.77395 1.68312 1.7128
-1.4884 4.82458 1.64736
1.25083 3.01915 6.85985
3.65377 1.7855 5.98521
-0.320664 3.88876 -0.269317
3.72219 -0.29005 1.17098
-0.766737 4.41274 5.65657
3.55979 -0.921843 3.95412
1.09242 -0.0119404 -0.455945
3.9815 -0.636617 3.39866
-0.358316 0.736976 -0.543974
2.05052 5.67345 4.18413
4.55738 0.762138 1.65363
1.84863 5.88082 2.53194
4.74206 3.17486 2.21469
2.75426 -0.947775 0.942524
-1.99558 3.6922 0.959669
-2.06929 4.12132 1.55796
-1.28438 -1.07887 4.14114
3.94087 4.22224 1.44664
2.83979 5.22691 4.484
-1.46279 2.78487 -0.0526498
-2.07688 4.44986 3.72868
2.98596 5.37724 3.80635
4.09494 4.45999 2.39187
-2.34164 0.308424 1.59572
1.57053 -1.35554 0.89884
4.09483 3.03465 5.31334
4.71616 1.84486 1.52825
0.323485 1.60634 -0.922673
-0.8211 5.55559 3.20336
-2.84701 2.6287 3.89737
1.75023 5.5794 4.6202
-0.300101 0.969986 6.63989
1.16965 5.93522 2.30341
4.69506 3.45273 3.48588
0.00775813 1.18672 -0.788672
4.86429 2.07144 4.0306
3.9957 1.51618 0.393907
-0.10566 4.63065 0.196934
2.27501 -1.6903 2.13048
4.70055 3.31364 3.76175
-0.78658 -1.56618 2.69917
1.33419 4.52809 -0.0817343
-0.924257 5.19446 1.5534
3.53409 -1.05317 3.50654
-1.39019 1.64872 6.18804
-1.0865 2.67681 -0.344913
-0.556304 5.59892 3.79099
4.40769 1.12235 4.90195
2.14281 1.25358 6.7599
2.88992 -0.054805 5.86461
-0.245196 -1.31802 4.85479
3.18016 4.37612 0.633361
-2.08342 2.55822 5.48615
4.03669 -0.486226 2.22721
3.16514 4.80693 1.14707
0.29116 -0.222202 -0.249517
2.70003 1.98059 6.62071
3.64155 2.79995 0.104777
3.42143 2.72572 6.1
-1.1218 -1.38628 3.17626
0.943001 -1.11743 5.50567
2.70768 1.68015 6.60299
-2.11675 -0.274318 4.05515
3.97315 0.490041 5.20917
1.62 5.53345 4.76927
1.49591 -1.63044 4.60436
0.581908 -1.60277 4.68679
-0.852484 1.58794 6.52115
-1.07002 5.02207 1.3931
-1.17095 5.01676 4.47855
3.52556 4.81291 1.69269
2.02726 5.0932 0.681198
-2.26465 -0.246354 3.54404
-2.56948 3.24738 1.69506
-0.561939 -0.347281 0.162639
3.55154 -0.791718 1.69771
4.08425 -0.533386 3.26336
0.3361 3.49794 -0.649028
3.27074 -1.29294 2.98282
-1.52022 4.35621 5.02405
1.84355 5.88563 2.56375
4.38272 3.57982 1.56426
3.40946 4.68587 1.27356
4.83913 2.92105 2.35754
-1.39666 4.99931 1.87745
4.80011 3.2396 3.15008
1.19422 4.53701 -0.086399
-0.682553 1.38964 -0.577217
1.94747 3.33568 6.64942
4.34726 0.764389 4.80807
2.84074 3.65204 6.14363
-1.09291 5.40661 2.87865
0.321538 3.13397 6.77542
3.82811 -0.46968 1.6207
1.46749 5.91237 2.31091
2.5103 5.70388 3.01674
2.62535 -0.800485 0.651488
-2.18173 1.81318 5.41696
-0.725181 5.60733 2.89564
4.51761 3.54291 1.88384
-0.0511245 1.98924 -0.859407
2.14285 5.81816 3.33995
1.36472 4.37935 -0.194629
-2.97044 2.37427 2.69094
2.41243 4.6496 0.357145
3.33409 5.11968 3.90532
0.489918 1.67683 -0.954159
2.65575 5.51297 3.95788
2.20307 5.58728 4.29771
-2.05587 3.8003 1.15053
-0.480791 -0.410546 0.172187
1.45415 3.79424 6.54605
1.04765 5.85478 4.06695
1.68297 -1.91887 2.58049
4.71757 2.32202 4.44083
1.94767 4.93218 0.449651
0.683913 4.42135 6.16815
0.561494 4.60261 -0.00568757
-1.03299 3.28918 6.19452
1.49689 -0.958768 0.354477
0.676035 0.371187 6.63896
-2.86076 2.22486 4.02174
-1.75647 3.82596 5.25117
3.6818 -0.958771 3.23159
-0.0585402 -0.81574 0.363506
-1.5661 2.55176 -0.0183954
-1.8524 3.37575 5.44359
-2.27365 1.88626 0.704293
1.6056 5.94484 3.26736
-2.43264 2.05871 5.05268
1.14084 2.37626 6.97977
-0.0873622 4.04813 6.25927
-2.64572 1.87944 1.3586
4.57516 3.14976 4.37705
1.42358 4.59551 -0.0139477
2.85372 3.76697 6.07271
0.273108 5.42533 1.06641
-0.333492 -1.27382 4.87188
-2.12407 -0.438422 2.45753
1.11703 5.81468 4.1977
4.27873 3.78276 1.56068
-0.979576 5.31952 1.96943
-1.12369 2.24885 6.38053
0.223292 4.68556 0.139141
1.20553 4.5539 6.0717
0.873617 4.65745 5.98697
-1.19715 1.4141 6.29079
-2.06855 -0.533528 2.59349
-1.13942 2.4726 6.34657
2.7076 5.61699 3.03849
1.86357 -1.90476 2.91556
0.684682 4.94678 0.313545
4.64002 1.91378 1.34386
-1.64706 0.208801 0.594867
-0.897956 4.85438 5.06161
-1.60244 0.629366 5.71084
2.07404 1.3155 6.79182
-1.25757 1.68277 6.28675
-0.12613 -1.64697 1.80356
1.00652 -0.803387 5.85324
-2.64367 3.63918 3.19166
0.892034 -0.333646 6.24691
-0.596803 -1.28635 1.37207
1.95317 3.93222 6.37016
1.89109 0.662717 -0.663008
1.11242 0.202191 6.57145
-0.852587 5.51165 3.48607
4.42246 2.40913 5.02963
2.89356 2.39012 6.50175
4.63196 2.97306 1.63544
4.64735 2.33213 4.60826
3.66307 0.2914 0.55281
0.561107 4.85421 0.232172
-2.34051 4.15226 2.54306
4.6485 1.9231 4.63785
4.85806 2.99091 2.63468
1.7637 -1.59977 4.56794
3.99867 4.21165 1.54515
0.00173502 4.51797 5.94334
3.34076 5.23438 3.24418
4.42382 2.10835 5.06536
0.010198 -0.284773 6.13051
1.1171 2.11758 -0.996556
3.67481 2.423 5.94389
-0.408705 -0.662591 5.63176
2.07918 0.850731 -0.676213
2.00715 5.49685 4.66063
3.00775 1.29213 6.38642
3.47145 2.7391 6.05707
-2.02108 0.37359 5.05617
2.18191 1.03757 -0.698219
-1.10191 -1.40037 2.86043
0.474941 4.90796 0.304058
1.97844 0.881917 6.71383
0.567385 4.9 0.279187
3.18096 3.32365 -0.0808095
0.622264 -1.81225 1.84931
-1.40549 -0.867678 4.41069
1.95234 5.04675 0.589535
3.28097 5.13549 2.01719
-0.765408 5.52649 3.66874
0.269941 1.05405 6.81735
-2.32437 0.816881 1.11617
0.0158878 -1.80734 2.26811
-2.31638 1.62343 5.2045
-0.537039 5.605 3.80093
2.56134 5.62912 3.62584
-2.46143 3.52961 1.7043
0.249464 5.66827 4.40731
-0.167639 3.10606 6.66241
-0.0902234 2.29187 6.83748
1.12524 0.930146 6.85224
-2.20964 4.22185 3.87271
-2.63367 3.62928 2.62335
-0.477008 5.68766 2.53138
-2.19283 0.909668 5.14873
2.17919 5.41375 1.28075
3.18487 0.28586 5.8789
1.84457 -0.326816 6.14207
4.78874 3.28259 2.98032
-2.02246 3.59485 0.921257
4.29812 4.26289 3.04158
2.60248 5.05727 5.02118
-1.73599 4.90823 3.23783
-0.974899 5.47841 3.02026
0.541443 -1.69417 1.53617
1.10242 -1.11417 0.491728
4.54657 2.64963 4.732
4.28957 2.01999 5.27559
-0.184971 5.66173 4.08976
-0.792663 5.57422 2.8936
3.24202 -1.00095 1.59726
0.788262 0.348639 6.63706
-0.646879 3.46335 -0.338621
-1.63573 -0.529512 4.62927
-0.635615 1.2919 -0.580972
0.51654 -0.0351272 6.40948
-2.37601 0.959555 4.87617
4.50096 2.64366 1.17546
4.65956 2.53524 1.47647
4.65432 2.53167 1.4627
-2.70054 1.66224 4.4805
4.01999 0.502771 0.846401
4.84054 2.49071 1.99528
0.938328 4.67754 0.0289739
4.17184 3.40202 4.99343
4.60001 0.467298 2.1689
1.06102 0.0708893 -0.503542
1.91165 -0.713471 0.206085
-0.981793 3.50616 -0.131132
1.55705 -1.90428 3.66807
-1.29753 3.72204 5.78495
-2.87058 1.27351 3.70059
-0.542258 5.69067 2.98046
-0.147133 0.645818 6.58473
3.07923 -0.909681 1.20819
4.72016 3.46922 2.95734
-2.5021 2.43429 1.11673
3.65403 -0.454812 4.71172
2.53955 5.40787 4.41994
4.75993 2.70594 1.83186
0.0418111 0.766559 -0.682458
4.57282 2.59711 1.30341
-2.39295 1.53695 5.06723
0.782727 -1.08206 0.459589
0.768923 -1.71227 1.5284
0.228959 -0.225162 6.23329
2.18952 4.22908 -0.101008
4.16712 -0.431473 3.2394
4.03622 -0.569322 3.4242
0.757556 5.98255 3.2837
-0.84525 -0.476433 0.457888
-0.314761 -1.58213 1.80009
3.5659 4.98606 2.29317
-1.14637 1.10685 6.25506
2.37061 5.63472 3.95406
0.360146 5.55033 4.72794
-0.266692 5.3139 4.84759
2.35266 4.99848 5.27584
4.34702 -0.0150055 2.14139
2.71403 3.46823 6.30248
2.87849 3.05038 -0.371643
-0.00830454 0.647647 6.62691
-2.25224 3.61631 1.32356
1.64405 -1.91575 3.50208
-2.87727 1.92691 2.01947
3.43913 2.89636 6.04092
4.78946 0.814452 3.48424
-0.15856 -1.61297 4.26655
2.67263 4.8506 0.746925
1.02509 5.89049 2.07077
2.3939 5.66429 3.79371
2.90536 -1.18778 4.48582
0.717681 2.14571 6.98736
4.63117 0.407685 3.52836
-2.82947 2.55118 1.98444
4.42115 4.05586 2.73702
2.17468 -1.57238 4.36316
2.49517 0.729813 -0.485841
3.83436 -0.347968 1.43365
0.162149 0.0959696 -0.41653
-2.59915 3.56055 2.21846
4.12455 3.76914 4.76277
-1.61555 4.52892 1.33762
0.740251 -0.804399 0.159599
2.28262 5.34301 1.21697
3.3908 5.20318 3.15393
-2.4299 1.6704 5.03154
3.73667 0.555022 0.465698
2.81118 4.52453 5.5192
1.64737 5.86908 3.78177
-1.6971 2.27367 5.94122
4.24099 4.34203 2.89577
0.826449 -0.281092 -0.281234
1.85309 -1.90797 2.99844
3.90118 0.0296833 4.9238
4.75813 2.87355 4.05514
-1.35071 5.07747 1.99833
0.888248 4.17701 -0.353827
2.60415 -0.818615 0.658612
0.46306 2.17015 6.96014
2.33193 4.64882 0.314908
-2.38869 3.86947 4.01088
3.29257 -0.339394 5.29594
3.5649 -0.721226 1.58007
-0.648516 3.84488 6.14306
4.64412 3.19402 4.13786
-0.0453288 4.17845 -0.187736
-2.29778 4.25952 2.86137
-2.53483 2.16557 1.13518
1.17141 -1.99293 3.16482
-0.853337 4.41259 5.59703
-2.51628 0.0992162 2.84908
-2.22461 3.46214 1.1388
0.761212 5.68793 4.5304
0.444284 -1.05647 0.480243
-2.05156 -0.524673 2.43963
2.74916 5.58828 3.2543
1.14544 -1.0114 0.37125
-2.69858 0.476889 3.02558
2.87847 5.52514 2.78845
-0.0267176 5.86472 3.09884
4.0035 -0.361471 4.18424
-0.519963 -1.36559 4.53705
0.909659 -1.11456 5.50826
2.11924 3.84756 -0.366576
-1.20667 -0.847737 1.2619
-2.31491 4.06538 2.13652
3.28203 1.01795 -0.134951
-0.4591 5.70515 2.62196
0.462021 1.65512 6.94862
1.90501 -1.02178 0.540369
0.733589 2.5729 6.94979
-1.37764 5.16588 2.43072
3.24962 0.0454614 5.66815
4.03489 4.60496 2.93967
0.818224 5.9175 3.78748
1.65145 -1.38042 0.963245
1.74654 -0.75857 0.201256
3.05598 5.42192 2.74812
3.71542 -0.754715 4.01885
4.05355 1.70327 0.43333
0.0846986 2.32441 -0.880332
1.62824 4.07119 -0.363849
-1.22359 -1.26988 3.60293
4.297 2.50981 5.20678
4.24437 2.33671 0.68468
3.11256 3.73443 0.0795815
3.97535 0.50168 0.785885
3.49337 -1.01656 2.17328
1.60396 1.87555 -0.952182
2.91659 5.50806 3.14214
-1.14028 3.90098 0.206166
1.89911 1.15594 6.80515
0.30054 -0.376914 -0.140228
-0.0303999 1.67125 -0.851
-1.34902 4.99492 4.22986
3.2002 -0.669116 0.991289
-2.49647 3.39844 4.34874
0.470209 1.5196 -0.935547
0.798063 4.2493 -0.301497
-1.71592 4.41645 1.3313
-1.83592 2.83849 5.69341
1.35177 5.24135 0.682694
-2.15559 0.851952 0.826465
4.81342 0.902333 3.50295
-1.62743 -0.676531 1.60976
2.26039 2.42417 6.77246
-2.70795 0.768387 2.14312
-0.641236 4.16947 0.0674677
-1.82963 -0.823876 2.86242
-0.152182 -1.77045 3.67544
-2.18994 3.2275 0.922136
-2.34619 -0.0959903 3.64019
-1.6933 2.22289 0.0510269
-2.56702 0.757502 4.31628
4.24146 4.23903 2.30739
-0.903314 -1.32327 4.15467
0.300749 3.38096 6.68836
4.11555 3.00468 0.701307
4.24197 4.15941 2.09083
-2.8549 1.32426 3.82652
3.11606 0.140646 0.160088
-0.525338 -1.64968 2.40573
3.5019 -0.715647 1.4619
-0.159188 5.57469 1.62965
-1.02331 2.24861 6.44157
-2.21835 1.39056 0.704179
2.38167 -1.47443 1.57897
-1.03631 5.35799 3.75985
3.91841 1.13428 0.40512
-0.732082 1.42107 -0.558755
2.1233 4.09275 6.21847
-1.68251 0.408129 0.495982
-0.160003 5.63325 1.79424
-0.951422 5.3881 2.15579
1.74761 3.62773 6.57653
-2.16421 4.38477 2.45166
3.29666 4.67241 1.10696
-0.056318 0.888257 6.69435
4.32955 3.90365 1.86411
-0.723004 1.16843 6.5128
-2.85588 1.39202 2.12676
2.21037 3.67698 -0.423849
2.63775 -0.00543602 6.04893
-1.29803 1.5275 6.23972
-2.34677 4.09859 2.37151
0.184343 -1.85504 2.31197
-2.21924 3.70317 1.34599
-2.45967 0.344823 4.13625
-1.04249 3.33269 -0.170513
-1.33727 3.85462 0.335878
4.48234 3.02942 1.32262
-0.582774 1.03467 -0.544428
-1.49454 4.74894 1.50984
-0.269943 4.19023 -0.0967969
2.59474 3.07185 6.50827
0.257981 -1.09346 5.42485
2.19188 0.813542 -0.629288
0.219512 4.27304 6.19752
4.16273 1.05584 5.25957
-1.4769 -1.11676 3.38833
-1.08705 -0.652137 0.852813
4.4773 3.64949 1.91024
-0.383144 5.69128 2.32076
0.60581 5.70472 1.54409
-2.94154 2.36531 3.57514
-1.38013 -1.00589 1.86
0.336155 5.91283 2.50095
4.62921 0.956468 4.31905
3.95879 0.00956212 1.1879
3.45883 3.34662 5.8532
2.26454 5.76241 2.50484
-2.80125 2.02162 1.75501
-1.29321 5.25464 2.61465
3.75557 3.19407 5.64217
-0.765951 -0.126225 5.89147
3.47496 4.95895 1.94208
1.92146 5.88143 3.29229
4.90438 1.36497 2.40623
0.338586 4.94065 0.370341
1.25155 -1.83722 4.10111
3.57753 1.58462 6.03047
-2.03281 -0.562044 2.51216
-0.812441 0.862564 -0.379541
1.40873 0.772531 6.785
2.24949 3.73295 -0.381663
-0.131004 5.25807 5.02629
3.1781 -0.443582 0.701132
3.80057 1.38579 5.78919
0.807101 1.57704 6.97289
4.29799 3.56632 4.63398
-0.0948061 3.31388 6.61595
-0.394678 0.370804 -0.376477
2.57952 -1.1034 1.03174
3.76114 1.04281 0.268718
0.829457 -1.96804 2.52508
-0.648167 5.38403 4.35347
2.97029 -0.790078 5.08169
-2.47241 0.870395 1.36709
0.163889 -1.81344 2.12903
4.66053 0.543182 2.30847
4.24272 0.104804 1.62413
-2.1218 0.0298351 4.54039
-1.63959 2.53623 0.0428019
-0.846482 5.34471 1.81534
-1.6463 -0.988937 2.74826
1.47524 2.35506 -0.955766
-2.10391 1.39455 5.44933
0.0638358 4.41225 -0.0503513
1.18542 5.7577 4.35842
-0.368575 5.25709 1.12427
-0.696046 -0.906885 0.838184
2.97384 5.20538 4.35258
0.43371 4.92358 5.67058
-1.62026 -0.55201 4.6191
1.15582 3.09855 -0.843035
3.69561 1.99583 0.0447236
1.83762 -1.06581 5.42883
4.73575 0.624708 3.39086
3.05321 5.02131 1.37028
3.0372 1.02947 6.30271
0.623144 -0.670202 0.0456807
3.01514 -1.44071 3.31737
-1.96315 4.11493 1.34265
-2.52947 3.51085 4.12259
0.809478 0.683716 -0.772413
3.74555 4.36543 4.69313
2.16104 -1.74411 2.204
3.24475 5.18233 2.08681
0.864466 2.18643 6.99335
-1.78521 4.09166 4.96661
2.14818 2.67264 6.77217
3.32398 4.95478 4.36691
-1.56785 2.97945 0.0936564
-2.90512 2.80563 3.31777
4.29898 0.785162 4.90812
-0.158566 5.79971 3.46897
2.0551 0.150514 6.38617
3.85047 0.365398 5.28098
2.35489 2.90805 6.65236
1.65999 5.59281 1.37023
-1.23517 -0.155952 5.52109
3.84899 0.284881 0.777022
-0.0412763 2.04094 6.86187
3.7421 3.70942 0.642299
1.5485 -1.28361 0.782551
-0.0161294 4.71068 0.239624
4.2473 4.3193 2.72454
2.50339 -1.42727 1.58804
-2.95955 1.7751 3.52097
-1.74933 -0.742839 3.95814
3.37515 4.12769 5.41487
-0.374412 -1.75319 3.15681
-2.29909 3.97447 1.89661
0.742702 5.99092 3.07955
-1.94641 0.204637 0.976308
-1.52212 5.0903 2.70168
4.52669 0.248245 2.29727
0.415636 5.43854 4.95831
-2.33411 0.114764 1.84692
3.14784 -1.28704 2.23702
0.831477 4.62506 -0.0134167
3.2224 3.92317 0.286632
1.04285 -1.88197 2.03642
-1.78499 0.211037 5.24577
-1.85577 -0.564273 4.12653
-1.83132 2.02049 5.82546
0.579626 3.6663 6.61203
-2.87047 1.91582 1.99384
-0.603418 -0.85892 5.29252
-2.26802 4.28889 2.71537
0.556846 -1.09007 0.498982
-2.21479 3.32876 1.02528
-1.79107 2.09021 0.136125
3.23743 0.469786 5.94148
-1.82221 1.95904 5.83433
4.49508 2.79052 1.22251
0.837372 -1.59472 4.74686
0.66302 5.20331 5.37177
-0.308433 3.82727 -0.308939
2.87866 4.39882 0.408419
1.73247 5.08541 0.562026
2.61547 -0.448392 0.280511
-2.5849 2.64914 4.65139
-2.15163 1.93271 0.53774
2.38066 -1.7387 3.34045
-0.79038 1.55824 -0.549561
-2.8774 2.95979 3.21117
4.75755 3.30478 3.42232
-1.61381 0.922045 0.170507
0.72337 -1.11804 0.509754
1.92134 0.120454 6.40858
4.01579 4.53038 3.70866
4.96286 1.94171 2.45929
4.78873 3.26493 2.78667
-1.79591 -0.860198 3.04635
0.0710976 -1.85875 2.50285
2.31205 1.24435 6.70237
0.433388 -0.0496855 6.38788
-1.2695 2.95521 -0.152291
4.56755 1.4479 4.72273
2.54112 -1.68949 3.11218
0.573462 3.98747 6.445
3.54902 4.27971 5.07494
4.49723 2.61386 4.84189
1.04343 -0.258098 6.30138
1.02942 3.81033 6.56677
1.62423 1.91057 6.94998
-0.470503 0.43781 -0.375971
-0.389839 -0.644928 0.340545
1.11005 4.50553 6.11612
1.4186 5.66821 4.53916
-0.33159 5.7718 3.02067
0.903975 5.94517 2.347
0.0383166 -0.949394 0.474878
-2.46625 0.00380338 3.01838
4.20107 0.966665 5.16457
1.79583 5.57888 1.40055
2.46399 2.79299 -0.637018
2.54481 5.31221 1.37433
2.77455 -0.834272 5.19497
-0.881492 -1.00825 4.84673
-2.05145 0.486721 5.0973
-2.44405 -0.00128412 3.36519
0.528692 5.86865 2.09921
1.41194 -1.55871 1.22071
-0.0953622 3.32918 -0.61019
-0.911425 -1.01308 1.19229
1.84395 3.99071 -0.365236
4.05581 1.98661 0.418948
-0.901893 3.41753 6.22078
4.81397 2.65382 1.98701
3.57468 3.19123 5.81993
3.0996 -0.992245 4.62423
-2.04399 -0.593355 2.90714
2.32039 0.015598 6.21228
3.07681 3.40254 6.11765
1.25931 5.84488 4.07223
3.17456 -0.339706 0.592287
3.84985 4.59821 4.06192
2.64521 4.6896 0.538421
0.91809 4.25914 6.29994
-0.249753 0.234481 -0.364679
0.886071 -1.55741 4.82533
-2.77702 2.90981 2.04796
3.20804 4.20394 5.50344
-1.69966 3.9359 5.22803
3.53413 -0.656759 4.58739
2.11062 5.46533 4.66072
-1.49317 4.89604 1.81802
-0.254165 0.364915 -0.428348
-1.01027 5.40549 2.39876
-0.745976 5.57496 2.58619
0.177029 2.16494 -0.910948
3.63844 0.173822 5.38825
-1.34564 -1.18325 2.39594
-1.67831 4.9353 3.45899
0.186973 5.63576 1.5439
2.58084 0.632326 -0.410341
-0.336702 -1.17246 0.963161
3.68315 3.30355 5.66486
2.22415 5.79486 2.68295
0.0414415 0.769818 6.68345
0.160645 -1.30329 5.09374
0.641363 0.0379499 -0.467238
-1.78256 -0.271692 1.24023
-0.369314 1.43748 -0.715986
-0.316029 5.67652 3.86675
-0.0326536 5.56374 4.49444
-1.68233 4.76375 4.08016
3.49813 2.2727 -0.112073
4.24003 2.00219 0.654322
0.831545 1.5313 6.96887
4.53995 0.144954 2.83409
3.15407 5.02352 4.48941
-0.734327 0.726673 6.37205
-1.61232 -0.537982 1.34639
-0.678703 5.63023 2.9417
0.970546 0.50281 6.70912
-2.29939 3.10182 1.02515
-1.45569 5.15422 3.14297
0.0328209 -1.59856 1.54571
2.19609 0.491485 6.50624
-1.81385 1.84486 5.83869
0.93884 5.68292 1.4404
4.86853 1.14578 2.44792
-1.36984 -1.22211 2.95666
3.9567 2.22148 5.68493
-2.90662 1.14074 2.99535
3.23235 3.05405 -0.147316
-1.61153 4.5352 4.65912
3.77508 1.09249 5.7341
2.34441 4.83415 0.518035
-1.58137 2.02495 -0.0554718
-2.97972 2.24343 2.67972
2.97105 0.321572 -0.0492364
-0.403522 5.2494 4.86321
4.70675 1.68603 1.52982
-0.0810597 4.82228 0.379685
-1.79647 0.214843 0.765506
1.72981 3.45265 -0.654748
3.70843 0.659752 0.379281
1.22137 4.71575 5.92843
-2.2122 0.0744012 1.59507
2.7447 4.57798 5.51198
-0.682835 4.03802 -0.00242367
-1.10675 -0.294451 5.5094
4.47365 0.0187237 2.90904
4.65871 0.445601 2.55542
2.49849 -1.15013 1.04265
-0.493061 2.36361 -0.693042
1.47246 5.77534 1.76567
-2.4672 3.97167 2.69832
-0.553115 -1.63153 3.63229
3.83538 4.4628 4.37666
3.20234 4.94055 1.41796
4.73871 1.11881 4.11604
2.50956 1.24759 6.627
-1.28398 -0.0696855 0.450519
0.453635 5.62243 1.39393
-2.25384 0.722431 1.05568
-0.492134 -1.62933 2.22442
-2.6852 0.904222 4.1039
1.79121 3.79829 -0.484271
2.80304 -0.614258 0.567984
0.685418 0.74624 6.78538
0.565306 3.34906 -0.740465
0.653756 1.75621 6.97752
-0.267988 -1.06705 0.767202
-1.32872 -1.02581 4.19228
1.55649 2.18469 -0.956793
1.82367 2.18168 -0.910059
1.10437 -1.50048 1.0672
0.818628 1.65254 6.98075
2.30727 5.74327 2.47179
3.0931 -1.34002 3.68062
3.80589 -0.843538 3.2031
1.69868 -0.991269 5.56206
-2.1384 3.75418 1.24691
0.512116 5.77619 1.77428
0.362597 -0.398058 -0.137361
-1.84622 4.77896 3.42002
-2.69521 0.950076 1.88508
0.270196 4.93046 0.37707
0.719294 -1.95602 2.4793
-0.90624 5.47592 3.53313
-0.777018 -1.27063 1.53537
1.62211 3.2404 6.75158
3.80492 0.978251 5.66241
0.393579 2.22697 -0.947244
-2.87052 1.67756 3.95663
4.88186 2.44799 2.14531
-1.81011 -0.105326 4.91595
-1.05512 2.60781 -0.37743
1.67473 5.21583 0.718958
1.26982 3.62824 -0.643626
3.38204 2.44215 6.18283
1.61851 -1.45685 1.0849
-2.09581 3.57966 4.98005
-2.63306 3.67011 2.89246
2.92474 -1.04538 4.73811
-2.44893 4.02593 2.97818
-2.12227 4.26753 1.94658
4.95546 2.5941 3.03706
3.39839 -0.792556 1.43496
0.417226 -1.85807 2.11929
3.35173 -0.601445 1.07598
-2.97254 2.33022 3.33151
-0.934699 -0.709203 5.21747
1.4746 -1.8945 3.7795
-2.5472 1.75499 1.1677
-0.447417 0.959419 6.58081
-2.75066 3.3729 3.21846
-2.56275 2.26452 1.20088
-0.215871 5.5316 1.56842
1.70482 5.14069 5.37472
-2.25029 2.51299 5.27431
4.57843 1.4135 1.31155
0.478216 5.75932 4.26302
3.95445 3.48477 5.25093
1.21762 3.98477 -0.466027
-2.02684 2.16741 0.390356
-0.221527 2.90103 -0.700814
3.89139 2.69304 5.67573
-1.7058 -0.508504 4.54468
3.147 -0.144868 5.60575
-2.72242 3.44501 3.2357
-2.44057 2.87441 1.15667
-1.13112 2.5876 6.33362
1.17791 5.26985 5.29704
4.24406 3.43951 1.15504
0.291168 1.87097 -0.934579
0.570561 -1.92979 3.61017
1.78075 5.9032 3.39424
4.98299 1.63179 3.01531
-2.95263 2.57715 3.20888
1.50154 -1.4611 1.05855
-1.41145 -0.658818 1.2349
-2.70657 0.515167 3.23799
2.72342 5.09138 4.86365
4.74228 1.36891 4.26377
-2.30968 -0.194422 3.48011
3.43443 5.12814 3.53693
4.50902 3.74385 3.80357
-2.06582 0.882519 5.31344
4.91821 1.72378 2.24415
1.92167 -0.902605 5.59334
-2.56418 0.286408 3.6002
0.188516 5.61674 1.49645
4.29094 4.17036 2.32232
2.13328 -1.80013 2.47591
-2.5941 0.81864 4.29879
1.27826 5.68291 4.53583
1.23245 0.800235 -0.808744
-1.61279 -1.0237 3.17492
-1.90353 0.621887 0.618756
1.75134 5.60113 1.42921
1.85834 0.183547 6.45887
-1.37061 -1.21709 3.1747
-2.61689 1.5241 4.64063
2.98729 5.12686 4.50778
2.14104 5.6099 4.29098
3.88893 -0.384139 4.40355
1.53519 4.88008 5.72373
-0.966292 4.48282 5.44322
4.32287 -0.212367 3.25291
-2.90754 2.09812 3.84943
0.383323 0.754471 -0.750782
-1.70462 -0.629159 1.66862
0.601575 -1.97065 2.72575
2.47266 0.537388 -0.419363
4.08137 0.501804 0.935888
-1.52261 3.5223 0.294629
2.49579 1.62932 6.69124
4.55666 2.49674 4.76165
-1.14242 -0.792134 1.09894
-2.91736 2.39578 2.29459
1.40087 5.60117 4.69438
-1.89831 4.1566 4.71723
2.12251 -0.608458 0.182923
1.294 3.98326 6.46125
1.69639 -1.84235 2.13319
-0.924838 1.73006 6.49602
0.652745 2.25533 6.97671
-2.67604 3.22013 3.99899
1.60626 2.41623 6.93182
4.01109 4.62749 2.82776
3.38416 -1.20707 2.82531
2.31385 -1.77698 3.09077
0.16662 -0.67724 0.147306
-0.128432 0.323126 -0.451773
1.25102 3.15942 6.82004
0.75396 2.08621 -0.991495
2.64884 1.14137 6.54176
0.0290396 0.0394606 6.34866
1.63582 5.74108 4.26492
-1.2175 4.05755 0.382905
1.19977 -0.856843 5.79259
3.99303 -0.621148 2.58608
-1.93165 3.1458 0.531682
0.244246 5.92771 3.04428
-2.56572 0.884357 1.57137
-2.4215 3.1403 1.26995
3.68692 3.02355 5.78079
3.46005 -0.959291 1.90878
4.90427 1.1771 3.28193
-1.75736 0.164671 5.24244
0.855843 3.60387 6.66153
4.24252 3.0735 0.918248
4.42958 3.32749 4.57344
1.77884 5.68505 1.65321
-2.93257 1.67052 2.34707
-2.72111 0.667532 2.38528
-2.84216 1.03994 2.4378
3.17974 1.08839 6.22765
-0.98828 -0.242444 5.64919
-1.45751 -0.532897 4.88284
-1.50908 5.03326 3.70979
3.13743 -0.906308 1.27236
1.98072 1.51683 6.84769
1.52648 -1.70762 1.59415
0.992215 1.11649 6.9012
-2.69226 0.955856 4.13002
-2.60673 3.23906 1.79327
4.37316 2.69007 0.963936
3.71216 1.60671 0.08632
2.39855 0.442023 6.40834
-1.54494 -0.593246 1.32717
1.99911 -1.81019 2.30415
-2.28039 2.6057 0.792707
-0.25347 1.65252 -0.782601
-2.43886 3.95015 2.39074
2.27972 1.29082 -0.722816
0.718202 5.95985 2.50995
3.75712 4.58007 1.68033
-2.36525 -0.0685302 3.62951
3.85137 1.8674 5.80216
-2.83059 2.49931 4.03793
4.04292 4.50243 3.69171
1.82817 2.46527 -0.885571
4.97118 1.94338 3.47599
4.46761 0.107767 2.37141
-0.351962 4.32461 0.0388502
-1.65844 2.62421 0.0771456
4.89495 2.91062 3.01193
1.81198 2.99637 6.78787
-0.693523 1.59851 -0.601498
4.06684 4.49079 2.37513
-2.6061 0.295931 3.30368
-1.84853 2.81094 0.31146
0.264691 -1.88208 2.37651
2.51806 2.7664 6.62051
4.5927 2.17031 1.24972
-2.25795 -0.267236 2.50461
-0.369331 4.96694 5.307
-2.96843 2.23584 2.55731
-1.66889 -0.555106 4.53247
-0.744081 5.59538 2.82277
0.644433 0.174899 -0.54155
-2.57627 2.82863 4.58861
-1.71132 1.6301 5.91752
2.92638 3.12975 6.31854
-0.448507 1.76551 6.72113
-0.368437 -1.58959 1.88543
-2.79214 0.78008 3.36263
0.926251 4.82647 5.82942
4.66948 2.61002 4.47065
-0.595696 4.10129 -0.00638336
1.93351 -1.28026 0.90991
3.82624 4.31095 4.63459
1.00314 4.31691 -0.260662
-2.62477 3.1051 4.28054
-1.94331 0.96456 5.50296
-0.752633 5.29883 4.43039
3.59995 3.03095 5.85962
-0.1661 4.56774 0.16329
0.17626 0.336827 6.54335
3.81405 -0.503137 4.34738
-0.254032 -1.30875 4.86535
-1.26206 -1.04425 4.27107
3.87337 0.813178 5.51698
-2.53566 0.140823 3.20637
2.95284 4.18616 0.278394
0.364231 4.75906 5.82548
0.0860892 -0.247697 -0.180035
0.249211 -1.83524 3.85278
1.68619 -1.91414 3.45679
3.91411 3.86135 5.0108
3.83029 -0.617812 1.93393
3.09545 -0.545799 5.26451
4.3331 1.5003 5.15424
3.31204 -0.939756 1.58145
-2.40898 3.90342 3.86939
2.26915 -0.542673 0.185026
2.7562 0.601148 6.31043